42394 2.411362 1.916082 318.070585
42402 0.533830 -1.418741 320.449520
42406 -1.568341 1.324308 319.387946
42433 -2.345555 -1.048921 305.000000
42437 -1.839350 -0.555093 328.588780
42445 1.232379 0.981645 323.229621
42453 2.963472 1.125269 318.625369
42467 0.768105 0.397364 306.803123
42471 1.289410 0.206408 326.063286
42477 -1.437572 -1.859372 324.768651
42483 -1.432254 0.816334 326.458428
42494 1.084347 0.847342 318.812611
42499 -1.775786 0.330510 315.769619
42517 -2.383944 -1.242443 316.098290
42521 -0.286115 1.406684 325.007619
42522 1.015248 0.900806 333.112288
42524 1.290833 -2.616082 312.930581
42527 0.439303 0.675793 305.991448
42546 -2.344044 2.718599 322.719823
42562 0.687741 -0.984547 322.040762
42563 -1.781272 -0.508355 305.000000
42576 1.232662 0.155321 318.859750
42588 0.416597 -1.512710 326.253287
42597 0.272238 -0.936187 312.708747
42611 -1.051924 1.873263 317.890619
42616 1.183566 1.141927 311.059451
42617 1.511740 0.784392 309.694588
42662 0.326935 -1.921213 328.905876
42664 1.270728 0.766646 311.770447
42672 1.275381 0.505451 335.098135
42676 -1.509832 -0.022430 329.649056
42677 -1.855650 -0.946727 314.717849
42684 2.271466 2.918751 312.146455
42689 -1.797386 -0.681202 322.919890
42691 -1.420713 1.230104 307.206170
42707 -1.926299 1.319697 319.224951
42714 -1.629600 1.454228 310.255603
42725 -1.756967 2.092353 324.356137
42754 -1.042476 -1.203700 313.790038
42778 1.063189 0.700319 321.683031
42784 1.026502 -2.542770 312.647465
42786 2.352673 0.519985 305.000000
42788 -2.247629 -0.820144 312.640862
42800 -1.598165 1.214621 324.939534
42806 -1.936782 0.678905 306.095637
42819 -2.818975 -0.033102 328.986723
42820 1.549226 1.043594 315.631913
42835 -1.474210 0.309813 317.821110
42840 0.888879 1.702452 330.591151
42857 1.366209 1.034157 311.708722
42863 2.056388 0.805767 311.587305
42875 0.301452 1.797660 306.537468
42880 -1.471779 1.498493 326.984742
42888 2.523016 0.509625 310.108703
42919 -1.503137 1.073786 327.369223
42928 1.902432 -1.452583 316.737711
42929 1.441086 -1.365823 308.682943
42939 1.041578 -0.924280 319.691421
42955 -1.594705 1.227461 328.124607
42956 0.323863 -1.636529 317.752583
42964 0.686852 0.068469 318.474889
42965 -2.278595 0.656556 311.727225
42983 -0.575805 -1.182063 331.127908
42985 -1.595501 0.533692 307.103398
42987 -1.819359 -0.822000 313.722907
42994 2.156844 0.532499 318.902256
43001 -1.717599 -0.992786 318.844057
43004 1.448858 0.787909 308.253445
43014 1.267654 1.035282 307.781198
43027 0.803235 -0.875822 317.082337
43033 -1.925487 -1.644414 311.911711
43037 -0.096264 -1.707942 322.678504
43040 -1.620291 -0.814783 311.942945
43045 1.040874 0.801013 325.962788
43065 0.979786 0.553308 329.822263
43085 2.693158 0.231273 332.863602
43086 -1.862075 0.585134 328.256761
43088 0.387176 -1.326789 323.353326
43101 -2.381787 -0.460022 339.039629
43106 0.799076 0.867177 328.163117
43124 0.388925 -2.022563 308.570915
43141 0.476850 -0.185545 314.839005
43169 -1.421198 -0.391233 318.826660
43173 0.692712 -1.150053 316.046979
43184 -2.046479 0.939403 324.292133
43193 0.294991 -2.019345 317.801240
43201 -2.399428 -1.456793 313.340857
43209 -1.406314 0.671769 317.129458
43222 1.602672 0.924669 315.203526
43234 -1.328153 1.183075 322.336945
43238 1.943079 0.856153 315.544663
43240 1.229830 0.305235 322.078885
43272 0.460276 -2.130012 318.080531
43285 -1.654736 0.870914 316.967692
43297 0.268616 -1.330998 318.363084
43298 -2.310819 -0.799497 317.865898
43313 1.239972 1.297802 321.538931
43342 1.239692 1.492439 306.885333
43348 -1.324343 0.857291 321.489264
43352 -1.836866 0.604167 309.695015
43355 0.778820 -0.749246 319.382196
43358 -1.486238 1.487308 320.109727
43370 1.506071 1.628723 334.649976
43374 1.778674 0.334704 314.016883
43376 2.794902 0.194291 315.434180
43383 -1.461738 -1.076076 305.000000
43392 1.000111 0.514922 318.485660
43405 2.487160 -1.005000 314.966697
43408 2.014349 0.987591 323.090251
43410 0.608205 -0.955155 328.474787
43421 -2.902241 -1.255943 306.284130
43429 -1.567293 -1.424888 312.738965
43432 -1.027002 2.258576 316.202695
43472 0.087327 0.819454 309.723328
43476 -1.507742 -1.051039 305.000000
43485 -1.389360 1.578192 314.872268
43496 0.407370 -2.673768 321.447381
43497 -1.271048 1.499467 320.308872
43527 -1.742544 -1.441032 313.420298
43535 -2.175371 -0.655359 320.465433
43536 1.317867 0.687382 312.785680
43540 -1.231799 -1.057448 329.257368
43583 1.468536 0.445512 316.150964
43586 -2.412787 -1.076104 305.000000
43589 -1.560096 -0.804073 305.000000
43590 1.560648 1.112557 314.987238
43595 2.729447 2.753428 321.928045
43604 0.488499 -1.560647 325.277719
43607 -1.721544 0.886752 322.279945
43609 1.352010 0.630536 309.633905
43611 -1.522832 1.227136 315.582951
43614 -2.370425 -1.470068 324.814897
43615 -1.647251 1.360641 319.834322
43626 1.653049 0.792296 325.005893
43636 1.299365 1.262561 312.907091
43643 -0.209988 -1.226314 314.563841
43650 -2.090300 -0.699194 312.822488
43654 2.378099 1.067977 329.585668
43662 -1.963533 -0.584718 305.000000
43681 0.174977 -1.676533 316.513028
43683 1.573158 1.672628 329.540045
43698 -0.211518 -1.657817 325.745956
43703 0.578854 2.414640 309.031457
43704 0.368190 1.039149 333.829909
43705 0.669086 0.329192 315.638012
43749 -2.251754 1.366432 308.874784
43757 -2.621934 2.090523 313.412563
43777 -1.844434 -1.562021 312.316986
43792 0.594965 -1.701644 314.458926
