29685 0.988859 2.959674 302.230688
29691 -0.425847 -2.636974 296.484025
29699 1.458655 -0.315143 301.512040
29714 -0.521975 -0.331381 302.955066
29720 -0.696961 0.472550 300.166792
29730 -0.270729 2.135408 298.677162
29732 0.850354 1.642936 306.096167
29739 0.956597 -0.684272 302.387174
29749 -2.114828 1.041573 301.603314
29750 1.986833 0.149722 303.088658
29752 -2.425393 2.603445 301.443690
29754 -2.978491 0.278037 302.907109
29762 -0.761023 -0.628766 299.945965
29764 -1.746054 -2.672813 298.912145
29768 -0.802824 1.943973 299.634607
29784 0.684959 -0.249585 301.493252
29796 1.648277 0.414536 295.000000
29797 -2.960312 0.816096 301.200382
29801 -2.497353 0.595255 301.049673
29813 0.164261 -1.574493 300.099969
29814 2.695139 -2.330545 299.936476
29818 2.935910 -2.725629 298.609573
29822 -2.084742 1.901150 303.846235
29825 -1.390828 2.257150 296.234712
29830 -1.904318 0.894729 296.354267
29833 2.517237 -2.555627 300.471022
29843 0.724358 1.071547 304.449806
29848 1.299988 1.378698 298.182783
29860 2.888719 -0.524118 296.206718
29861 1.244388 -2.065891 301.412006
29870 0.798244 -1.639952 302.846598
29883 -2.955026 -0.286472 299.413600
29893 -2.440257 -1.334397 298.099272
29904 -0.645480 0.759574 301.257972
29905 -1.522055 1.928952 298.737539
29921 -2.971394 2.185638 299.969674
29926 2.185191 -0.951428 303.438347
29933 0.667972 2.737897 299.014311
29953 -1.543754 0.075994 301.323853
29956 0.283851 -0.429832 295.000000
29958 1.566943 -2.555875 301.480117
29964 -1.509059 -1.902885 298.643664
29967 -0.286862 -2.017307 300.445011
29970 1.457531 -2.467800 300.668929
29981 2.930041 0.367956 301.538936
29982 -2.958402 -2.764346 302.988517
29993 -2.557659 2.653593 301.483461
29994 -2.343308 2.586282 297.724301
30003 -0.275495 1.311042 302.181196
30004 0.642362 -0.493955 301.185438
30017 2.431293 0.778699 300.295453
30020 0.448094 0.664008 302.896526
30028 -0.005096 0.316981 303.904497
30031 -2.984369 -0.632998 297.912679
30033 -1.718123 0.328051 300.908332
30036 -0.498428 0.699526 304.189874
30039 -2.647760 1.395883 302.879911
30040 -0.629798 0.354166 300.975108
30045 1.352312 0.856672 296.920027
30047 0.079762 0.914410 296.369237
30056 -0.204332 -2.553307 299.026048
30065 0.589728 -0.450117 298.285559
30073 -2.275690 -2.435892 302.351611
30089 -0.082685 2.237697 297.663738
30094 2.104801 2.179045 299.281220
30104 -0.588236 2.649500 301.890713
30110 2.302436 2.720302 303.764644
30120 0.641525 1.883211 301.341013
30130 -1.511089 1.645884 302.565260
30137 1.712360 2.105052 297.587654
30138 -0.864406 0.844613 299.951550
30146 -0.790952 -1.906349 296.984231
30147 2.254309 0.706494 295.874202
30152 -1.981535 0.917944 297.204138
30161 0.070494 -1.909536 298.273742
30169 -0.778141 0.749983 295.127344
30170 -2.415294 -0.995717 302.446270
30177 -2.283773 -2.185941 302.883807
30184 -2.191455 2.009847 298.940928
30187 1.360589 1.185903 300.186863
30190 -1.421036 0.240632 297.684763
30201 -1.729011 1.945995 297.148429
30224 -1.720667 -0.050891 305.454838
30231 1.885159 1.366471 297.342125
30245 2.908675 -0.933419 299.390583
30248 -1.357232 -1.203521 303.471893
30249 2.838351 0.086527 298.459122
30252 -1.538433 1.180812 297.976917
30272 1.510746 -0.352693 299.489951
30277 -1.289162 0.740307 299.234428
30282 -0.670741 0.079154 295.616877
30284 0.198399 -2.510570 301.107393
30286 -1.585526 2.342605 295.182664
30288 -0.491526 -1.715056 296.849133
30295 -0.139329 0.247614 297.511571
30303 2.841028 -2.328281 305.224983
30305 0.853718 -1.543511 299.316394
30318 -1.405565 -0.677831 296.876650
30328 0.262569 -1.239473 300.343415
30339 -1.689271 -0.902049 299.384303
30349 -0.686878 2.171610 302.357014
30353 -1.257031 -2.909596 303.728448
30363 0.518384 -2.373227 295.000000
30372 2.867598 -2.974722 300.914429
30377 -2.943253 2.858679 298.696046
30382 -0.331983 -2.032696 296.640579
30391 1.200441 -2.169253 302.826083
30397 0.499135 -1.882095 303.223538
30412 1.775040 0.241007 301.051829
30415 1.235422 -2.544768 299.498364
30440 1.261663 -1.207847 298.411567
30444 -0.628848 -2.832026 300.467284
30445 1.174655 -2.958473 295.785896
30453 2.144214 0.251605 300.515961
30466 -2.940448 -0.716534 295.628583
30468 -2.070911 -2.749304 304.769193
30473 -1.333717 -0.417433 299.603404
30479 -2.210090 -1.836716 299.256334
30480 -1.655711 -0.988690 299.738741
30484 2.807594 0.332733 295.608308
30489 -0.607153 -0.441268 295.000000
30493 -1.450955 0.719814 298.308453
30505 -1.827090 0.142305 301.047919
30507 -0.894240 -2.802915 297.679935
30509 -0.142539 2.337492 296.166900
30516 -1.785329 1.630139 304.117986
30519 -2.912938 1.682424 298.979839
30528 -2.644218 -2.782650 303.429619
30529 -0.556898 1.868706 302.828543
30535 -2.184932 2.397454 298.766232
30542 2.139052 -0.909029 299.899422
30547 -2.399366 -2.860982 300.724911
30548 -1.062118 2.187794 300.254909
30562 2.712125 0.925787 295.219624
30570 -0.000791 2.195747 298.247119
30571 0.394536 2.350207 297.406028
30572 -1.108562 2.913865 299.699934
30574 -2.654365 0.244805 297.755545
30577 -0.465939 -2.459998 301.502299
30580 -2.198024 0.002053 301.413347
30581 -1.731372 -2.862764 304.533819
30589 1.997794 -2.047142 302.744477
30595 0.346794 -2.749450 303.071957
30604 1.938341 -0.674916 299.590461
30610 2.799927 -2.245268 299.248372
30617 -0.173844 -0.837577 303.603214
30622 -0.247445 -0.017450 299.413690
30623 -0.153019 1.333588 300.041265
30633 -1.776908 -1.705900 301.365485
