31995 2.830206 -0.982399 300.288732
32009 1.626928 -1.755390 297.029270
32029 0.835727 -1.699121 298.714360
32031 1.771571 -2.978047 297.085845
32045 2.041802 1.637892 304.540143
32046 1.360647 -2.158835 298.288316
32056 -2.919832 -1.682362 297.671521
32065 0.097293 0.298716 302.021159
32071 0.596703 -1.169350 300.268654
32073 2.218407 1.526005 301.499219
32076 1.593548 -0.842352 301.046381
32079 -0.172096 2.635325 305.353345
32101 0.072081 0.577220 295.422735
32108 0.218706 2.668093 298.659043
32112 2.825802 -1.683467 303.274342
32114 1.173119 0.869878 302.059929
32131 0.226960 -0.969791 299.963532
32132 0.987527 1.931474 304.134844
32151 0.126787 -0.607573 297.190221
32166 0.081171 -1.030853 297.765804
32172 -2.973099 0.142665 295.706616
32176 1.623731 -2.525790 298.000816
32178 -0.980017 1.774490 302.748225
32179 2.790268 2.868496 299.979947
32181 0.779436 -2.680405 302.191424
32211 -1.690411 -2.371343 298.367876
32216 2.633006 -1.332651 299.385833
32224 -1.684580 -2.467815 299.595101
32235 2.605584 -2.349765 301.837191
32236 2.706221 -1.605369 298.184259
32242 1.065454 2.229332 301.705832
32252 2.315940 1.864101 295.782160
32260 2.708414 0.801245 305.238230
32266 2.376001 -0.847626 300.368291
32269 -0.852294 2.205762 299.347180
32270 0.853824 -2.446767 295.206649
32273 -0.802862 2.268346 302.372996
32279 1.086568 1.654935 304.126148
32283 1.372069 -2.322494 301.965553
32284 -1.022636 -0.566782 306.528383
32288 -2.972327 -0.856690 298.269263
32297 -0.821781 1.404027 298.884530
32299 -1.153315 -0.502704 301.306550
32312 2.232955 0.852180 300.578530
32322 -2.910739 -0.192954 300.955289
32323 -2.126091 -1.551025 299.425493
32354 1.479626 2.578573 298.924439
32355 1.647208 -1.540564 299.772957
32363 -0.942829 -2.944421 300.009631
32369 1.473692 -0.326138 297.726963
32394 2.645611 2.517132 298.576301
32395 1.067958 -2.015613 297.043341
32396 -2.604810 -1.047075 301.785576
32410 2.473954 -2.236381 298.617392
32413 2.587041 0.710275 302.486728
32426 -1.734227 2.144552 302.381131
32429 -0.676287 2.890199 302.816551
32433 -1.615181 -2.672546 301.508378
32434 1.964759 -0.124964 299.301956
32436 2.155849 -1.761608 302.918498
32439 1.004907 0.339442 300.083003
32442 -0.276742 1.005197 298.570821
32447 1.295022 -0.668855 300.863106
32474 -1.310414 1.049969 297.833918
32482 1.605756 1.758043 301.707013
32483 2.621717 2.250673 301.045853
32492 -2.222042 2.571441 303.803570
32497 -0.692318 -0.680097 300.956761
32503 -0.049944 1.203284 299.593563
32539 2.758055 1.947303 302.867651
32541 2.929354 -1.873377 296.465771
32548 -2.729169 2.982112 295.634454
32550 0.803948 -1.692246 302.387148
32552 2.607358 1.715404 299.357259
32563 -2.031104 2.876161 303.616433
32583 0.937575 -1.099255 300.351989
32596 -2.763513 0.474035 298.813409
32600 -0.408608 -1.836484 304.984319
32610 -0.731160 1.180449 303.667091
32619 2.508584 -0.645971 303.427640
32638 -0.351586 -1.817408 300.437875
32644 -1.708957 -0.810835 302.651294
32647 -0.938788 -0.845191 299.822874
32651 1.979105 -1.513915 300.430617
32652 0.316734 -0.460844 301.327349
32657 -0.682762 -0.772932 300.046035
32670 0.094179 2.278226 305.089385
32693 -0.761999 -2.160000 300.690709
32699 0.645321 -2.555561 299.402362
32700 2.498196 0.854463 301.322901
32702 2.174580 -0.798940 300.786463
32708 -2.497716 1.235957 301.180652
32716 2.196849 -2.134868 303.046436
32726 -1.179179 1.585561 301.086601
32732 1.309159 -2.999296 303.852305
32740 -1.140218 -1.708216 299.291644
32741 1.679590 -0.834798 298.799492
32749 0.339464 0.607818 297.460125
32768 -2.574162 -1.133415 299.051537
32775 0.620015 2.333369 299.867264
32791 1.884382 -0.936899 299.842405
32793 -2.757562 2.508671 302.832083
32813 -1.630402 1.676668 302.353259
32828 1.588940 -0.840535 303.304847
32830 0.631411 -2.893717 298.900860
32833 1.013918 1.888921 300.936770
32842 -1.704552 2.392459 301.891126
32848 2.112522 -0.932119 300.579913
32865 1.121257 -0.066455 300.826419
32875 -1.807345 2.628852 298.789942
32886 0.157708 2.729366 297.750537
32895 -2.583880 -2.375395 295.004454
32899 -1.332293 -2.268976 299.576891
32900 -0.714385 0.309723 299.556077
32906 -1.135710 -2.267253 298.407810
32912 -1.756727 -0.059058 304.030947
32914 2.832434 -0.292054 296.320930
32927 -1.247370 1.233607 303.121881
32950 1.039845 -1.821980 304.860934
32951 -2.489324 -1.074403 297.509861
32958 1.804354 -0.036524 302.518996
32968 -1.411028 0.596974 305.432755
32969 -0.090233 2.823870 300.352352
32972 1.376548 0.740953 302.596024
32982 -1.637239 -0.079384 306.014313
32984 -2.733081 -0.149250 302.513353
32988 1.856789 -2.629534 299.858063
32990 1.605813 2.258201 298.055386
32993 1.879529 -0.070848 300.454440
32995 -2.711550 -2.329757 297.482834
32996 1.910862 -1.834331 305.293976
32997 -0.065454 1.596240 303.390851
33002 -0.203827 1.957938 301.128590
33016 2.592682 -2.917751 295.410917
33021 -0.604909 1.999992 302.512248
33023 -1.539252 -2.019442 299.146999
33045 -2.577007 -1.686527 299.556339
33058 -1.153717 -0.624256 299.372998
33069 1.196832 2.889768 299.833849
33071 2.054554 1.781464 298.128568
33074 1.968524 -2.958831 300.308386
33079 0.123836 1.397060 298.589104
33092 1.898488 -2.105754 300.361085
33096 2.817561 -1.198145 304.471384
33106 -0.762441 -0.100139 297.233864
33108 -0.369668 -0.655645 295.354268
33122 -0.392230 -0.597206 302.145989
33130 -2.971562 1.668046 297.709957
33141 0.442747 0.350954 300.778890
